0.67563635,
-1.0827234,
1.0304146,
-0.9627668,
-0.88812023,

0.15761755,-0.8902362,-1.4587399,0.29729465,-0.37766302,
0.072141215,-0.37866268,1.1446415,-0.39530954,-0.6324372,
0.401239,-0.8856792,0.6245776,-1.0695238,-1.1318578,
-0.53276575,1.1063823,-1.2814673,0.25838342,0.34580094,
-0.6114267,-0.006607726,0.5070211,0.3149199,0.4839949,
0.91632307,-0.2994467,0.91059214,0.5911009,0.9480059,
0.007529017,0.045996368,0.84326166,-0.4853061,-0.90509254,
-0.21654278,-1.0043765,0.6703367,-1.132017,0.670905,
-0.42032534,1.3810698,-0.61768794,0.87361574,0.76635957,
0.25420302,0.43807656,0.084994346,0.35732895,0.41601387,

-1.1306034,0.93259776,0.40158096,-0.13243042,0.42524606,-0.7560582,1.0671486,-0.018458925,0.4081155,0.5023463,
-0.9643862,0.916334,0.21175179,-0.5630853,0.10642458,0.43759993,1.1471403,-0.052939504,-0.7871012,0.49300852,
1.1816928,0.23011613,0.96100736,-0.20757253,-0.6882397,-0.15453875,0.7943105,-0.33198714,0.74275035,0.0576262,
-0.4352315,-0.46885452,-1.0500011,0.71587837,0.37364036,0.36162993,0.8369719,0.18940979,-0.4757379,0.90183127,
-0.49761015,-0.16894238,-0.37848842,-0.6380386,-0.73151654,0.17131811,0.28634238,-0.9672608,-1.1748145,-0.3921104,
0.07549768,0.99299467,0.3385855,-0.5460171,0.013391503,0.38387173,0.5503368,0.4035248,-0.18564042,-0.32963717,
-0.05147728,-0.5327199,0.24077311,0.37285075,-0.21961798,-0.5491471,0.6603293,0.11796519,0.421611,0.3807621,
-0.10835471,0.50531954,-0.2376455,-0.99750847,0.5286044,0.1643478,-0.083279744,-0.5737273,0.5863955,-0.58682656,
0.9047138,0.9979347,-0.87445503,0.35156992,0.59037185,0.061475255,0.87320495,0.058931503,-0.59336424,0.21806066,
-0.7007619,0.6664676,-0.1503645,-0.55762464,0.6728653,-0.0037775286,0.451825,0.47843793,0.41454208,-0.54898816,
-0.71678096,0.40028548,0.71362805,0.44638276,0.06839418,0.73822933,0.14347175,0.9398171,-0.7580709,0.09898339,
0.087401696,0.4155004,1.7846984,-0.43907893,-0.8117102,-0.004668469,-0.51242137,0.08646108,0.55366546,-0.5746625,
0.5644475,-0.6815446,-0.6674677,0.9705093,0.049355954,0.95739645,-0.50465995,-0.69029903,0.74261075,0.2015278,
-0.23977658,0.20833096,1.0088379,-0.38067582,-0.20135584,0.67261773,0.5629498,-0.013419987,0.12875946,-0.30480862,
-0.82249826,-0.5587403,-0.016969308,-0.34668136,-0.9583514,0.8504241,0.64959204,-0.9377409,-0.31073117,-0.3416334,
0.14020585,-0.3409042,-0.33542147,0.19058977,0.4419381,-0.6634164,0.6191863,0.4529557,0.34480274,0.8232981,
0.82738376,0.63412976,0.7951808,0.69467986,-0.2285402,-0.59476155,0.046804998,-0.38248888,-1.0301768,-0.50545746,
0.8471206,-0.37061623,-0.6209841,0.72408235,-0.6626491,-0.1641404,-0.46326476,-0.13325787,-0.334745,0.4761504,
-0.3121011,0.008020104,0.57603693,0.08362702,-0.4923249,-0.6991204,-0.8095469,-0.522125,-0.7663045,0.06779731,
0.7350296,0.067010716,0.02585722,-0.8630455,-0.15958482,0.07215939,0.51121044,-0.71482664,0.67678624,0.94724154,
-0.78394544,0.66940457,0.6616936,0.69750905,-0.23315604,-0.7073767,-0.7039372,-0.9673183,-0.33168796,-0.32438228,
-0.045854665,-1.018236,0.33693802,0.8074566,0.85753345,-0.7552484,0.63558626,-0.8600053,-0.724598,-0.99001884,
0.69872546,0.23004657,-1.1117041,-0.21781455,-0.86595124,0.81274414,0.056869004,-0.03857842,-0.48395383,-0.37004977,
1.0188202,-0.38824072,-0.7152529,-0.15664358,0.37669215,0.8044744,-0.8654893,-0.009401347,-1.0880249,-0.37074065,
0.68858147,-0.29088688,-0.50202155,-0.79545027,-0.760795,-0.500831,0.82567316,-0.76340026,-1.0371656,0.12541135,
-0.03226636,0.964334,0.60825765,0.8020993,-0.35384315,0.285984,-0.5676527,-0.23981799,0.5462265,-0.82297516,
0.36200508,-0.22783336,0.387283,0.21338914,-0.3337797,0.60544175,-0.8395972,0.16771445,0.07541379,-0.24021436,
-0.6007626,0.41375625,-0.014974725,0.42995858,0.2478733,-0.8924015,-0.1585048,-0.8245734,-0.22169204,0.45746166,
-0.5460245,-0.832636,-0.41761318,-0.08380514,-0.8698373,-0.7102477,-0.15199362,0.8617095,0.5605166,0.24269083,
-0.86118734,0.29625276,-0.60438293,-0.6187625,-0.92054176,0.7664439,-0.54164624,-0.028665453,0.022828337,-0.6996141,

0.07651623,0.19998181,0.347501,0.87747395,-0.5514744,0.6457203,-0.9593017,-1.0475291,-0.14932047,-0.39813697,-0.059656497,0.9412698,-0.2698529,-0.28514773,0.61210877,-0.81754494,0.15820055,-0.4450594,0.18537755,-0.51348156,-0.105522625,0.4245179,0.93684983,-0.502084,-0.14098102,-0.09173602,-0.2888137,0.6878946,0.7987017,0.41292253,
-0.3758301,-0.76157516,0.9612901,-0.41494343,-0.9433781,-0.60060424,-0.12667146,0.7787625,0.0030004177,-0.6950959,-0.5571597,0.17616813,-0.71261877,-0.660579,-0.6506908,-0.35379636,-0.68911105,-0.29865026,-0.1495563,-0.37557456,-0.07028236,0.0782325,-0.46258953,-0.7370057,-0.94586515,0.6503898,-0.19636765,-0.26086286,-0.6126156,-0.2912988,
0.39403147,-1.1626505,0.30959946,-0.48361617,0.77763176,-1.0733905,-0.6231009,0.6955443,0.1921085,-0.6251584,-0.6472469,1.3214082,1.3923502,-0.055372234,0.8645827,0.82794154,-0.3971556,-0.37357196,-0.42945266,-0.5574733,-0.12947698,0.20261161,-1.0327183,-0.34464446,-0.8995047,0.8309903,-0.14699651,0.03749162,0.51071167,-0.75153464,
-0.16764769,0.060986996,-0.9039878,0.5387023,-1.0257237,-0.7123001,0.14757124,-0.9430439,0.40973514,-0.23628797,-0.29440367,-0.54962856,-0.9831986,0.45462114,-0.5163602,0.92567927,-0.7157442,0.89735085,-0.7645658,0.15062483,-0.1785572,0.31694528,-0.4407601,0.6065408,-0.69214976,0.16689885,-0.21075015,-0.954889,-0.3502654,-0.6858519,
1.099262,-0.21183947,-0.26386067,-0.51424927,-0.07396608,-0.05020021,-0.3460201,-0.3748121,0.8693484,-0.6179867,0.16250896,0.91672254,1.0894202,0.48677012,-1.0605805,0.26095933,-0.26627862,0.09944638,0.8940439,-0.053005442,0.30573526,1.0002532,0.55396944,0.25094566,0.34225002,-0.2639888,-0.56515,0.8506147,-0.68697417,-0.18399486,
0.776864,-0.51284206,-0.112909794,0.7149054,0.3308866,0.25096875,0.062694795,-0.43853173,0.0036532728,0.45786723,0.07111087,0.42497662,1.0032552,0.5969666,-0.3631487,-0.47568065,0.78468585,-0.10291521,-0.20413911,-0.5719575,-0.78825927,-1.0514477,-0.48353556,-0.28176337,0.07377832,0.074384175,0.051716752,-0.5389684,0.32804936,0.16801621,
0.56020665,-0.57522845,0.88175535,0.06612236,-0.7008242,0.29329896,-0.2053478,-0.32331237,0.74060655,0.51967347,-1.0959983,0.47835928,-0.3928862,-0.17203942,0.33535865,0.91459095,0.45957145,0.89939773,-0.9607515,-0.1389083,-0.58046865,0.79347533,-0.938754,0.29287523,0.63227755,0.4373841,0.9373661,-0.72583055,-0.37504748,0.27963993,
-1.0160258,-0.60578734,-0.9655296,0.43304306,0.872872,-0.4910336,0.8298654,-0.64047766,-0.39885187,0.049495265,0.54243994,0.38033792,-0.37970766,-0.68086046,-0.62967604,0.3477107,-0.30061516,0.6130475,-0.14421327,-0.44953436,-0.6228227,-0.2771605,0.5926698,0.7131464,-0.612117,-0.39923185,-0.10320572,0.7388534,-0.365964,0.5811155,
0.75440484,1.3652465,-0.5668567,-0.39002588,-0.26775756,1.0299507,-0.8781782,0.75507593,0.8562417,-0.7350632,0.10417814,-0.5278756,-0.035734244,0.5461543,-0.067821294,-0.83033293,0.32090306,-0.39353532,-0.15993759,-0.8959163,-0.38767058,-0.41839576,0.85916495,-0.82290447,0.37339497,0.5996888,0.17042738,0.9911934,0.7085438,-0.5546385,
-0.6656406,0.89036375,0.32123783,-0.7130377,-0.28485516,-0.12426015,0.16732225,0.7258703,0.9270477,-0.8474063,-0.7583873,-0.5227476,-0.0337382,0.10318824,0.41126385,0.57540286,-0.55730796,0.1717893,-0.12634805,-0.6429188,0.07217638,0.6367503,0.64830893,-0.6373136,0.26035625,-0.14489229,0.41236553,0.54003656,-0.041382812,-0.42785645,

-0.09001124,-1.3430401,1.41886,-0.4804163,0.41576192,0.76214695,-0.46324718,-1.0353184,-0.9415152,-0.67505324,
0.44635662,0.11370865,1.100737,0.20579718,-0.12350121,0.4418904,0.8407458,-0.12665243,0.26450765,0.05105523,
-0.9126937,0.11154278,-0.8722441,-0.20780261,0.33954313,-0.85796046,0.5312814,-0.23166037,0.87125355,0.822579,
0.7643252,-1.1023463,0.49601626,-0.38126764,0.8716426,0.080518484,-1.1425954,-0.6924362,-1.3421973,-0.23035736,
0.57166284,-0.4368276,-0.9443251,-0.5786334,-0.33891577,-0.42429188,0.77972806,-0.8357521,1.1425117,0.013132496,

1.5325669,0.8388239,-0.08468672,1.4563665,-1.0089334,